y = [0.705933
0.780973
0.731471
0.730769
0.713141
0.694899
0.779874
0.773176
0.87495
0.915486
0.800333
0.795534
0.753066
0.739017
0.726013
0.793269
0.801576
0.781616
0.744853
0.745562
0.771177
0.794995
0.714976
0.801523
0.765511
0.758615
0.831089
0.819291
0.840641
0.910833
0.760514
0.735618
0.807253
0.661872
0.796954
0.804712
0.842476
0.819921
0.764209
0.765087
0.785312
0.757286
0.795045
0.817453
0.785603
0.706554
0.695501
0.735591
0.67385
0.631556
0.661905
0.630776
0.748462
0.757351
0.740758
0.656692
0.674982
0.695734
0.660518
0.793419
0.803558
0.692842
0.732166
0.760468
0.796196
0.778922
0.799886
0.71676
0.87076
0.635036
0.690607
0.810838
0.828193
0.719979
0.78519
0.838143
0.839888
0.693694
0.814808
0.815058
0.871304
0.842492
0.773485
0.685008
0.868589
0.741527
0.83868
0.848061
0.740885
0.779292
0.821294
0.806484
0.8616
0.68817
0.711556
0.825028
0.835083
0.728832
0.79158
0.790928
0.857183
0.853578
0.902921
0.828304
0.847852
0.814077
0.886739
0.896693
0.742713
0.819257
0.857584
0.74343
0.812205
0.779229
0.827917
0.812685
0.712848
0.699306
0.786903
0.794069
0.740081
0.710897
0.83066
0.771194
0.812465
0.74825
0.854595
0.691482
0.798638
0.754575
0.805259
0.83706
0.865262
0.854863
0.9085
0.82014
0.772326
0.806234
0.74913
0.726211
0.740678
0.668205
0.778293
0.810582
0.765938
0.758597
0.724332
0.727921
0.668542
0.852465
0.776325
0.722614
0.848155
0.816219
0.853109
0.879447
0.723789
0.823697
0.645185
0.834935
0.722918
0.684522
0.857855
0.795462
0.710759
0.796308
0.748827
0.667088
0.687498
0.728132
0.686527
0.815595
0.769889
0.753716
0.822142
0.788277
0.846098
0.769463
0.701671
0.723723
0.736678
0.770253
0.728157
0.831475
0.721574
0.685931
0.835813

];
motion = {'HFEO_SUP_SLO'
'HFEO_SUP_SLO'
'HFEO_SUP_SLO'
'HFEO_SUP_SLO'
'HFEO_SUP_SLO'
'HFEO_SUP_SLO'
'HFEO_SUP_SLO'
'HFEO_SUP_SLO'
'HFEO_SUP_SLO'
'HFEO_SUP_SLO'
'HFEO_SUP_SLO'
'HFEO_SUP_SLO'
'HFEO_SUP_SLO'
'HFEO_SUP_SLO'
'HFEO_SUP_SLO'
'HFEO_SUP_SLO'
'HFEO_SUP_SLO'
'HFEO_SUP_SLO'
'HFEO_SUP_SLO'
'HFEO_SUP_SLO'
'HFEO_SUP_SLO'
'HFEO_SUP_SLO'
'HFEO_SUP_SLO'
'HFEO_SUP_SLO'
'HFEO_SUP_SLO'
'HFEO_SUP_SLO'
'HFEO_SUP_SLO'
'HFEO_SUP_SLO'
'HFEO_SUP_SLO'
'HFEO_SUP_SLO'
'HFEO_SUP_SLO'
'HFEO_SUP_SLO'
'HFEO_SUP_SLO'
'HFEO_SUP_SLO'
'KEFO_SIT_SLO'
'KEFO_SIT_SLO'
'KEFO_SIT_SLO'
'KEFO_SIT_SLO'
'KEFO_SIT_SLO'
'KEFO_SIT_SLO'
'KEFO_SIT_SLO'
'KEFO_SIT_SLO'
'KEFO_SIT_SLO'
'KEFO_SIT_SLO'
'KEFO_SIT_SLO'
'KEFO_SIT_SLO'
'KEFO_SIT_SLO'
'KEFO_SIT_SLO'
'KEFO_SIT_SLO'
'KEFO_SIT_SLO'
'KEFO_SIT_SLO'
'KEFO_SIT_SLO'
'KEFO_SIT_SLO'
'KEFO_SIT_SLO'
'KEFO_SIT_SLO'
'KEFO_SIT_SLO'
'KEFO_SIT_SLO'
'KEFO_SIT_SLO'
'KEFO_SIT_SLO'
'KEFO_SIT_SLO'
'KEFO_SIT_SLO'
'KEFO_SIT_SLO'
'KEFO_SIT_SLO'
'KEFO_SIT_SLO'
'KEFO_SIT_SLO'
'KEFO_SIT_SLO'
'KEFO_SIT_SLO'
'KEFO_SIT_SLO'
'KEFO_SIT_SLO'
'KEFO_SIT_SLO'
'KEFO_SIT_SLO'
'KHEF_SUP_SLO'
'KHEF_SUP_SLO'
'KHEF_SUP_SLO'
'KHEF_SUP_SLO'
'KHEF_SUP_SLO'
'KHEF_SUP_SLO'
'KHEF_SUP_SLO'
'KHEF_SUP_SLO'
'KHEF_SUP_SLO'
'KHEF_SUP_SLO'
'KHEF_SUP_SLO'
'KHEF_SUP_SLO'
'KHEF_SUP_SLO'
'KHEF_SUP_SLO'
'KHEF_SUP_SLO'
'KHEF_SUP_SLO'
'KHEF_SUP_SLO'
'KHEF_SUP_SLO'
'KHEF_SUP_SLO'
'KHEF_SUP_SLO'
'KHEF_SUP_SLO'
'KHEF_SUP_SLO'
'KHEF_SUP_SLO'
'KHEF_SUP_SLO'
'KHEF_SUP_SLO'
'KHEF_SUP_SLO'
'KHEF_SUP_SLO'
'KHEF_SUP_SLO'
'KHEF_SUP_SLO'
'SQUA_STD_NON'
'SQUA_STD_NON'
'SQUA_STD_NON'
'SQUA_STD_NON'
'SQUA_STD_NON'
'SQUA_STD_NON'
'SQUA_STD_NON'
'SQUA_STD_NON'
'SQUA_STD_SLO'
'SQUA_STD_SLO'
'SQUA_STD_SLO'
'SQUA_STD_SLO'
'SQUA_STD_SLO'
'SQUA_STD_SLO'
'SQUA_STD_SLO'
'SQUA_STD_SLO'
'SQUA_STD_SLO'
'SQUA_STD_SLO'
'SQUA_STD_SLO'
'SQUA_STD_SLO'
'SQUA_STD_SLO'
'SQUA_STD_SLO'
'SQUA_STD_SLO'
'SQUA_STD_SLO'
'SQUA_STD_SLO'
'SQUA_STD_SLO'
'SQUA_STD_SLO'
'SQUA_STD_SLO'
'SQUA_STD_SLO'
'SQUA_STD_SLO'
'SQUA_STD_SLO'
'SQUA_STD_SLO'
'SQUA_STD_SLO'
'SQUA_STD_SLO'
'SQUA_STD_SLO'
'SQUA_STD_SLO'
'SQUA_STD_SLO'
'SQUA_STD_SLO'
'SQUA_STD_SLO'
'SQUA_STD_SLO'
'SQUA_STD_SLO'
'SQUA_STD_SLO'
'SQUA_STD_SLO'
'SQUA_STD_SLO'
'SQUA_STD_SLO'
'SQUA_STD_SLO'
'SQUA_STD_SLO'
'SQUA_STD_SLO'
'STSO_SIT_SLO'
'STSO_SIT_SLO'
'STSO_SIT_SLO'
'STSO_SIT_SLO'
'STSO_SIT_SLO'
'STSO_SIT_SLO'
'STSO_SIT_SLO'
'STSO_SIT_SLO'
'STSO_SIT_SLO'
'STSO_SIT_SLO'
'STSO_SIT_SLO'
'STSO_SIT_SLO'
'STSO_SIT_SLO'
'STSO_SIT_SLO'
'STSO_SIT_SLO'
'STSO_SIT_SLO'
'STSO_SIT_SLO'
'STSO_SIT_SLO'
'STSO_SIT_SLO'
'STSO_SIT_SLO'
'STSO_SIT_SLO'
'STSO_SIT_SLO'
'STSO_SIT_SLO'
'STSO_SIT_SLO'
'STSO_SIT_SLO'
'STSO_SIT_SLO'
'STSO_SIT_SLO'
'STSO_SIT_SLO'
'STSO_SIT_SLO'
'STSO_SIT_SLO'
'STSO_SIT_SLO'
'STSO_SIT_SLO'
'STSO_SIT_SLO'
'STSO_SIT_SLO'
'STSO_SIT_SLO'
'STSO_SIT_SLO'
'STSO_SIT_SLO'
'STSO_SIT_SLO'
'STSO_SIT_SLO'
};


dep = {'dq_tau'
'tau'
'tau'
'kinetic_en_sqrt'
'tau'
'dddq'
'tau'
'dq_tau'
'dq_tau'
'dq_tau'
'tau'
'tau'
'tau'
'tau'
'tau'
'tau'
'tau'
'dq_tau'
'kinetic_en_sqrt'
'kinetic_en_sqrt'
'tau'
'tau'
'kinetic_en_sqrt'
'tau'
'tau'
'dq_tau'
'tau'
'tau'
'dq_tau'
'dq_tau'
'tau'
'tau'
'tau'
'tau'
'tau'
'tau'
'kinetic_en_sqrt'
'kinetic_en_sqrt'
'tau'
'tau'
'kinetic_en_sqrt'
'kinetic_en_sqrt'
'kinetic_en_sqrt'
'tau'
'tau'
'tau'
'kinetic_en_sqrt'
'kinetic_en_sqrt'
'dq_tau'
'tau'
'kinetic_en_sqrt'
'tau'
'dddq'
'dq_tau'
'dq_tau'
'dddq'
'tau'
'dq_tau'
'kinetic_en_sqrt'
'tau'
'tau'
'kinetic_en_sqrt'
'kinetic_en_sqrt'
'kinetic_en_sqrt'
'kinetic_en_sqrt'
'kinetic_en_sqrt'
'kinetic_en_sqrt'
'tau'
'tau'
'ddq'
'dq_tau'
'tau'
'tau'
'tau'
'tau'
'tau'
'tau'
'tau'
'tau'
'tau'
'kinetic_en_sqrt'
'tau'
'tau'
'tau'
'tau'
'kinetic_en_sqrt'
'kinetic_en_sqrt'
'kinetic_en_sqrt'
'kinetic_en_sqrt'
'dq_tau'
'kinetic_en_sqrt'
'kinetic_en_sqrt'
'tau'
'tau'
'dq_tau'
'kinetic_en_sqrt'
'tau'
'tau'
'kinetic_en_sqrt'
'kinetic_en_sqrt'
'kinetic_en_sqrt'
'kinetic_en_sqrt'
'kinetic_en_sqrt'
'kinetic_en_sqrt'
'kinetic_en_sqrt'
'kinetic_en_sqrt'
'kinetic_en_sqrt'
'kinetic_en_sqrt'
'tau'
'tau'
'tau'
'kinetic_en_sqrt'
'ddq'
'tau'
'kinetic_en_sqrt'
'kinetic_en_sqrt'
'kinetic_en_sqrt'
'dtau'
'tau'
'tau'
'dq_tau'
'tau'
'kinetic_en_sqrt'
'kinetic_en_sqrt'
'tau'
'tau'
'tau'
'tau'
'tau'
'tau'
'kinetic_en_sqrt'
'tau'
'tau'
'kinetic_en_sqrt'
'kinetic_en_sqrt'
'tau'
'dq_tau'
'tau'
'tau'
'tau'
'tau'
'kinetic_en_sqrt'
'tau'
'tau'
'dq_tau'
'ddq'
'tau'
'tau'
'ddq'
'ddq'
'kinetic_en_sqrt'
'kinetic_en_sqrt'
'ddq'
'ddq'
'dq_tau'
'dq_tau'
'tau'
'ddq'
'ddq'
'ddq'
'ddq'
'dq_tau'
'ddq'
'ddq'
'ddq'
'ddq'
'dq_tau'
'ddq'
'ddq'
'tau'
'ddq'
'ddq'
'dq_tau'
'ddq'
'ddq'
'ddq'
'ddq'
'tau'
'dq_tau'
'dq_tau'
'ddq'
'dq_tau'
'dq_tau'
'ddq'
'dq_tau'
'ddq'
'ddq'

};

